x_eval,y_eval,pred_errors,pred_var,y_pred_mean,preds_0,preds_1,preds_2,preds_3,preds_4,preds_5,preds_6,preds_7,preds_8,preds_9,preds_10,preds_11,preds_12,preds_13,preds_14,preds_15,preds_16,preds_17,preds_18,preds_19,preds_20,preds_21,preds_22,preds_23,preds_24,preds_25,preds_26,preds_27,preds_28,preds_29,preds_30,preds_31,preds_32,preds_33,preds_34,preds_35,preds_36,preds_37,preds_38,preds_39,preds_40,preds_41,preds_42,preds_43,preds_44,preds_45,preds_46,preds_47,preds_48,preds_49
-3.2019072,-1.2899935,-0.012749791,0.14748819,-1.2772437,-1.0571818,-1.5165854,-1.5705079,-1.1823767,-1.487758,-1.0901082,-1.5997444,-1.0889982,-1.9832144,-0.8346005,-1.311874,-1.6537591,-1.5211636,-1.8855286,-1.539597,-1.7878618,-1.4681042,-0.8734217,-0.63061225,-1.1687418,-1.0348389,-0.8796645,-0.5932065,-0.6295299,-1.251332,-0.9736956,-0.9606345,-0.92135507,-1.4361048,-0.9159193,-1.8099151,-1.0593235,-1.7410038,-1.0477091,-0.9971877,-0.5448106,-1.3695703,-1.7854125,-1.4528282,-2.2183778,-1.4058715,-1.4959291,-1.287987,-1.5341449,-0.860522,-1.4911362,-1.1229868,-1.1780796,-1.6370138,-0.9743576
-2.9666417,-1.1094635,-0.022608638,0.1126398,-1.0868548,-0.84044224,-1.3357311,-1.3027595,-1.043392,-1.2674327,-0.9440985,-1.3748889,-0.83886707,-1.6280231,-0.57375973,-1.1163946,-1.4029672,-1.3090149,-1.6341076,-1.3227302,-1.5531093,-1.26507,-0.7511412,-0.48341525,-0.98264295,-0.91625184,-0.77663684,-0.5438993,-0.46832085,-1.0869284,-0.8149653,-0.866037,-0.8050463,-1.2574506,-0.78336656,-1.5222151,-0.93418074,-1.4682666,-0.90925837,-0.8237823,-0.46037194,-1.1743482,-1.4990873,-1.2514749,-1.9244744,-1.2608026,-1.2687833,-1.1394374,-1.3030974,-0.72870994,-1.2751548,-0.96605396,-0.94586456,-1.3796058,-0.8188778
-3.9501393,-2.352096,-0.44251585,0.29134473,-1.9095802,-1.7256154,-2.0934162,-2.438174,-1.6342499,-2.1937525,-1.5645695,-2.4007554,-1.8806243,-3.1109846,-1.5302666,-2.016516,-2.498442,-2.2056394,-2.7338386,-2.245335,-2.5675814,-2.1058354,-1.3557343,-1.1210512,-1.7791096,-1.4247134,-1.2164624,-1.2996724,-1.2045715,-1.7644743,-1.4952416,-1.3288963,-1.3012706,-1.9940042,-1.3374864,-2.6997173,-1.459412,-2.6620367,-1.5104663,-1.5867313,-0.7836574,-1.9928911,-2.6637342,-2.0889606,-3.1529841,-2.1024091,-2.2164507,-1.7567075,-2.2652125,-1.2858334,-2.1440396,-1.6802205,-1.9355611,-2.4556677,-1.4680389
-2.119841,-0.46873724,0.0016436875,0.027851958,-0.47038093,-0.5610675,-0.684776,-0.38006815,-0.56739223,-0.47067887,-0.41356784,-0.52497166,-0.3495221,-0.42375004,-0.31271023,-0.3231751,-0.52184296,-0.543177,-0.7349293,-0.5916666,-0.79485214,-0.64645964,-0.49786502,-0.08138777,-0.2979381,-0.4581388,-0.4231635,-0.35195348,-0.19106212,-0.46435153,-0.23526937,-0.43094733,-0.43457723,-0.63822484,-0.34496093,-0.44223183,-0.55532205,-0.62672377,-0.45000246,-0.43236074,-0.217437,-0.53583956,-0.52197975,-0.38658816,-0.89548767,-0.74521005,-0.38495064,-0.6327448,-0.5082262,-0.37712356,-0.6914029,-0.47814167,-0.09458534,-0.493213,-0.35502672
-2.1082916,-0.20902357,0.25462496,0.027294993,-0.46364853,-0.5576668,-0.67603475,-0.36631078,-0.5638759,-0.45944422,-0.4068422,-0.52126294,-0.34599712,-0.42095637,-0.3094729,-0.3102149,-0.51108545,-0.5326536,-0.72150385,-0.58199966,-0.7854443,-0.63957316,-0.49456748,-0.08016013,-0.2886429,-0.4528249,-0.4189256,-0.3492039,-0.18946093,-0.4562229,-0.2327574,-0.4283396,-0.43028188,-0.6300587,-0.3392266,-0.42780095,-0.55143195,-0.6160346,-0.44607365,-0.4295829,-0.21642807,-0.53235555,-0.5087947,-0.38351446,-0.8819827,-0.7386393,-0.3709179,-0.6263491,-0.4973737,-0.37400076,-0.68547714,-0.47484308,-0.09100825,-0.47999647,-0.34880942
-2.4065375,-0.4528936,0.21168047,0.045916945,-0.6645741,-0.64583975,-0.90516627,-0.7118612,-0.70100075,-0.7428971,-0.5954871,-0.7993836,-0.43702006,-0.78900963,-0.3874026,-0.64047617,-0.7937691,-0.8038582,-1.05552,-0.8174294,-1.039682,-0.82474166,-0.5799432,-0.168131,-0.53094673,-0.6552725,-0.5365287,-0.42020705,-0.23080868,-0.6757514,-0.39784878,-0.5716913,-0.54120255,-0.8398081,-0.4873034,-0.8022932,-0.65051216,-0.89505315,-0.613891,-0.49845996,-0.24850874,-0.7196713,-0.84930295,-0.6451349,-1.2355859,-0.91543233,-0.7089119,-0.7893411,-0.76884687,-0.4545053,-0.8376995,-0.59695345,-0.36791328,-0.8026653,-0.5020355
-3.1699717,-1.2572702,-0.006002307,0.14233375,-1.2512679,-1.0273432,-1.4920359,-1.532922,-1.1635107,-1.4578505,-1.0703025,-1.569222,-1.054964,-1.9350748,-0.8063284,-1.2835335,-1.619716,-1.4923662,-1.8511158,-1.510159,-1.7561872,-1.4407098,-0.8519192,-0.6103648,-1.1434804,-1.0187415,-0.86528957,-0.58484685,-0.6063133,-1.2294306,-0.95214915,-0.9463874,-0.9055671,-1.4118538,-0.89792633,-1.7720217,-1.0418084,-1.702122,-1.0280894,-0.97371984,-0.53371704,-1.3430703,-1.7469482,-1.42556,-2.1784875,-1.3861796,-1.4650958,-1.2678226,-1.5029418,-0.84298563,-1.4616134,-1.1016845,-1.1465583,-1.6020731,-0.95328665
-2.359486,-0.63762534,-0.006509006,0.0422982,-0.63111633,-0.6313472,-0.8689968,-0.6615573,-0.6702551,-0.6988335,-0.56620204,-0.7497318,-0.42266077,-0.72227037,-0.37524277,-0.58903515,-0.7450544,-0.7611358,-1.0033387,-0.7774255,-0.9995448,-0.79177064,-0.5663488,-0.14264381,-0.49271613,-0.6347397,-0.5176992,-0.40900555,-0.22428562,-0.640875,-0.3607452,-0.5474074,-0.5237037,-0.8070226,-0.46394274,-0.74181443,-0.6349064,-0.84882724,-0.58102775,-0.48871377,-0.2396056,-0.68711954,-0.79556346,-0.5928786,-1.1790056,-0.8864194,-0.66068566,-0.7633174,-0.72944444,-0.44191858,-0.8143609,-0.56603444,-0.30439878,-0.7558443,-0.47839332
-3.5419133,-1.678259,-0.11745489,0.20392385,-1.5608041,-1.36941,-1.7779559,-1.9706753,-1.3822385,-1.8061725,-1.3009722,-1.9256041,-1.4486082,-2.4957314,-1.144865,-1.6136076,-2.0174782,-1.8280439,-2.2666917,-1.8569521,-2.1343203,-1.7585909,-1.0957426,-0.8461802,-1.4401103,-1.2112972,-1.0327097,-0.90075517,-0.8897991,-1.4845104,-1.2079762,-1.1270502,-1.0894445,-1.6906424,-1.1074846,-2.214468,-1.2441928,-2.1591241,-1.2565932,-1.2534086,-0.6552519,-1.6517055,-2.1746907,-1.7444146,-2.6430745,-1.7064713,-1.823411,-1.4970998,-1.8663512,-1.0480624,-1.7909365,-1.3605733,-1.5210463,-2.0090208,-1.1986924
-2.180825,-0.3087054,0.19907439,0.0312859,-0.5077798,-0.5790242,-0.73165584,-0.4521784,-0.58595914,-0.5300001,-0.45235562,-0.561497,-0.36813512,-0.4751617,-0.32901907,-0.3907223,-0.57864493,-0.5987274,-0.80581903,-0.64271045,-0.8445275,-0.6828215,-0.5152769,-0.08805837,-0.3467489,-0.51356095,-0.44667497,-0.36647186,-0.19951668,-0.5084444,-0.24853295,-0.4542114,-0.45725775,-0.6813443,-0.37523893,-0.51842976,-0.5756491,-0.6828827,-0.46961144,-0.44702834,-0.22276443,-0.55423594,-0.5916003,-0.40281838,-0.9667964,-0.77990466,-0.45904648,-0.66658896,-0.5664181,-0.39361233,-0.7226929,-0.49555892,-0.1134734,-0.56299996,-0.38657904
-3.7633266,-2.25114,-0.50208867,0.24838287,-1.7490515,-1.5626084,-1.9481616,-2.229549,-1.5118954,-2.0152926,-1.4374315,-2.1797428,-1.6830196,-2.829432,-1.3543384,-1.8159151,-2.2783427,-2.0319657,-2.519897,-2.0704968,-2.3668401,-1.9469292,-1.2369072,-0.9984881,-1.6239765,-1.3270497,-1.1323735,-1.1203209,-1.0588919,-1.6363572,-1.3637831,-1.236452,-1.20402,-1.8551799,-1.2322329,-2.478024,-1.3608449,-2.4318933,-1.3926196,-1.4335887,-0.72489643,-1.836622,-2.429149,-1.9317224,-2.9196393,-1.9148482,-2.0365877,-1.6381751,-2.0826855,-1.1770244,-1.9824523,-1.5347449,-1.7431113,-2.2512732,-1.3447803
-3.8495553,-2.3230064,-0.4999919,0.2677117,-1.8230145,-1.6378489,-2.0151625,-2.325846,-1.5652888,-2.0976658,-1.4961156,-2.2817576,-1.7742295,-2.9593904,-1.4355428,-1.9085081,-2.379936,-2.1115928,-2.6185074,-2.1530988,-2.4579613,-2.0202768,-1.2917552,-1.0550605,-1.6955829,-1.3721291,-1.1711872,-1.2024404,-1.1257626,-1.6954932,-1.4244614,-1.2791643,-1.2489086,-1.9192582,-1.2808157,-2.580243,-1.4062483,-2.5381224,-1.4455944,-1.5042759,-0.7520193,-1.9087524,-2.5374284,-2.0042999,-3.0273464,-2.0014224,-2.1196086,-1.6930698,-2.1669362,-1.2272482,-2.0570374,-1.6019158,-1.831122,-2.3456175,-1.4016736
-3.1815581,-1.2256756,0.03497398,0.14423554,-1.2606496,-1.038138,-1.5009426,-1.5465586,-1.1703554,-1.4687012,-1.0774882,-1.5802957,-1.067312,-1.9525404,-0.8165857,-1.2938155,-1.6320672,-1.5028142,-1.8636009,-1.5208393,-1.767696,-1.4506485,-0.85972047,-0.61771077,-1.1526452,-1.0245817,-0.8705049,-0.5871841,-0.6140653,-1.2373767,-0.9599665,-0.950738,-0.91129524,-1.4206523,-0.9044543,-1.7857741,-1.048163,-1.7162286,-1.0352075,-0.98223424,-0.5377773,-1.3526846,-1.7609394,-1.4354472,-2.19296,-1.3933241,-1.4762825,-1.2751386,-1.5142626,-0.8493479,-1.4723244,-1.1094131,-1.1579945,-1.6147499,-0.9609312
-2.079865,-0.30941474,0.13779914,0.026050674,-0.4472139,-0.54929656,-0.655127,-0.33311757,-0.5552212,-0.43354064,-0.39028847,-0.5121345,-0.337321,-0.41408044,-0.30150497,-0.2776925,-0.4846081,-0.50672376,-0.6884596,-0.5582064,-0.762289,-0.6139306,-0.48645118,-0.07713858,-0.265765,-0.443368,-0.40849498,-0.34243637,-0.18551998,-0.43621606,-0.22657481,-0.42192128,-0.4198783,-0.60995936,-0.32511306,-0.3922825,-0.5418574,-0.58972585,-0.43640372,-0.42274582,-0.21394481,-0.5237803,-0.47634223,-0.375949,-0.84874326,-0.7223789,-0.33171162,-0.6106073,-0.48440152,-0.3663148,-0.6708919,-0.46672437,-0.08195735,-0.44802356,-0.33352876
-3.5813968,-1.9180695,-0.32378948,0.21135183,-1.59428,-1.4038619,-1.8083079,-2.0171452,-1.4054561,-1.8431486,-1.3255874,-1.9697675,-1.4904675,-2.5552387,-1.182572,-1.6486468,-2.063997,-1.8644084,-2.311844,-1.8950055,-2.1750605,-1.7921765,-1.1209648,-0.8733629,-1.4728984,-1.2319386,-1.0504822,-0.9398222,-0.91995263,-1.5115883,-1.2357606,-1.1465302,-1.1093112,-1.7199835,-1.1297305,-2.2614667,-1.265025,-2.2077656,-1.2808502,-1.2855312,-0.6676714,-1.6844687,-2.2196066,-1.7782347,-2.6923928,-1.7418069,-1.8614256,-1.5222572,-1.904929,-1.0710596,-1.8250884,-1.3914167,-1.561026,-2.0522203,-1.2247436
-3.6120956,-1.8992535,-0.27892852,0.21724644,-1.620325,-1.4306488,-1.8319067,-2.0532758,-1.4235079,-1.8718978,-1.344732,-2.0041046,-1.5230137,-2.6015058,-1.2118894,-1.67589,-2.1001654,-1.8926818,-2.346951,-1.9246091,-2.2067366,-1.8182895,-1.140575,-0.89462626,-1.4983912,-1.2479877,-1.0643005,-0.97019714,-0.94339716,-1.5326418,-1.257363,-1.1616759,-1.1252924,-1.7427964,-1.1470267,-2.2980087,-1.2812221,-2.245585,-1.29971,-1.3105069,-0.67732733,-1.7101171,-2.2545292,-1.8045301,-2.7307384,-1.7692804,-1.8909825,-1.5418171,-1.9349234,-1.0889399,-1.8516419,-1.4153978,-1.5921104,-2.0858085,-1.2449986
-2.218111,-0.47337443,0.05866337,0.033737626,-0.5320378,-0.589958,-0.76031846,-0.49438122,-0.5973111,-0.5658399,-0.47653636,-0.60054344,-0.37951523,-0.52258885,-0.33870625,-0.43210965,-0.6133741,-0.6326913,-0.8481882,-0.6739189,-0.87587917,-0.70505345,-0.52592266,-0.09224876,-0.37694865,-0.5474467,-0.46149752,-0.3753485,-0.2046859,-0.53608227,-0.25664243,-0.47375485,-0.47112477,-0.7077077,-0.3937511,-0.56501794,-0.58801585,-0.713922,-0.48140994,-0.45599622,-0.22602166,-0.57822907,-0.6341668,-0.4359063,-1.0103954,-0.8011172,-0.5043492,-0.6864765,-0.6023927,-0.40369368,-0.74182373,-0.50620794,-0.12502174,-0.60561717,-0.4060337
-3.122663,-1.0019041,0.21108782,0.13474217,-1.212992,-0.9830505,-1.4556686,-1.4772425,-1.1355627,-1.4135461,-1.0409627,-1.5240065,-1.0045463,-1.8637625,-0.7644464,-1.2430598,-1.5692853,-1.4497058,-1.8001374,-1.4665501,-1.7089372,-1.4001279,-0.8196982,-0.5806672,-1.1060582,-0.9948953,-0.84446836,-0.5753969,-0.5745564,-1.196986,-0.9202307,-0.9289332,-0.8821791,-1.375929,-0.87127167,-1.7158682,-1.0164852,-1.6445225,-0.999025,-0.9389552,-0.5168462,-1.3038139,-1.6892785,-1.3851899,-2.1193948,-1.3570082,-1.41942,-1.2379514,-1.4567184,-0.8170077,-1.4178786,-1.0701272,-1.099863,-1.5503116,-0.9220601
-3.2860413,-1.5194439,-0.1721685,0.16005795,-1.3472754,-1.137346,-1.5812613,-1.669529,-1.2320796,-1.5665493,-1.1422863,-1.6801556,-1.1786613,-2.1100368,-0.90908366,-1.3865377,-1.7434456,-1.5970309,-1.9761883,-1.6171517,-1.8712392,-1.540275,-0.93007,-0.6839544,-1.2352933,-1.07753,-0.9175354,-0.6700095,-0.6938788,-1.3090317,-1.0304596,-1.0015517,-0.96294856,-1.4999938,-0.96332204,-1.9098948,-1.1054668,-1.8439034,-1.0993972,-1.0590134,-0.57362443,-1.4393842,-1.883613,-1.5252435,-2.3234684,-1.4774812,-1.5770576,-1.3391985,-1.616349,-0.90672135,-1.56952,-1.179108,-1.2619598,-1.7290666,-1.0298691
-2.909262,-0.7862953,0.25523555,0.104662746,-1.0415308,-0.81267834,-1.291622,-1.2424843,-1.0094943,-1.2136968,-0.90838504,-1.3189406,-0.78142893,-1.5412245,-0.5250084,-1.0698112,-1.3418006,-1.2572731,-1.5735309,-1.2698376,-1.4958011,-1.2147871,-0.7336127,-0.44764924,-0.93659884,-0.88833547,-0.7516905,-0.53189886,-0.4283791,-1.0459329,-0.77625215,-0.8420925,-0.7766796,-1.2138779,-0.7510379,-1.4484824,-0.904443,-1.4070284,-0.87765026,-0.7813644,-0.43910846,-1.1267347,-1.4291408,-1.1997879,-1.852749,-1.2254212,-1.213384,-1.103207,-1.244896,-0.692577,-1.2229457,-0.9277792,-0.8892289,-1.3168257,-0.7819451
1.7381446,0.23609124,-0.11827655,0.032762688,0.3543678,0.52031815,0.5128367,0.44414988,0.46594006,0.12612414,0.37116945,0.4866328,0.2742219,0.14797172,0.24018197,0.651063,0.7152647,0.22339892,0.31182176,0.5112245,0.18177252,0.59665704,0.58406055,0.43286714,0.57233316,0.3165244,0.37031615,0.16449997,0.33039004,0.6580106,0.42656046,0.18729672,0.055917937,0.017514285,0.28184116,0.20781419,0.46081308,-0.0010304931,0.21984634,0.53661793,0.37505537,0.1517819,0.16468076,0.36405078,0.3595398,0.30757645,0.40435213,-0.036103375,0.41239694,0.6125547,0.29139376,0.37273437,0.5764509,0.41117555,0.34780842
1.2828948,0.14840521,-0.0035327822,0.015925981,0.15193799,0.083399944,0.2542977,0.08422862,0.017975261,0.060892526,0.10394591,0.24522159,0.11489388,0.08566172,0.08520713,0.3016829,0.30106157,0.10955053,-0.051835023,-0.061087888,-0.005230911,0.2600881,0.29326499,0.26360396,0.21224982,0.12761219,0.20218338,0.15050688,0.19760156,0.39559,0.23350711,0.03661104,-0.018378789,-0.021141954,0.1164621,0.20832476,0.26595128,-0.045497317,0.17707567,0.19658351,0.16286191,-0.18775661,0.16019991,0.19663343,0.12229715,0.0903303,0.29109094,-0.011090061,0.21394694,0.4062174,0.21918216,0.33125624,0.32826483,0.1347036,0.15669766
-1.9342815,-0.23926407,0.13633719,0.022321397,-0.37560126,-0.5067885,-0.53726405,-0.2623992,-0.51089734,-0.30907252,-0.30743456,-0.46666622,-0.29338363,-0.37888178,-0.26044774,-0.21136151,-0.40484354,-0.40674797,-0.5166412,-0.51082057,-0.6785594,-0.53280425,-0.4448848,-0.061664023,-0.14923875,-0.39493534,-0.36157522,-0.3077774,-0.1658358,-0.28092837,-0.19515242,-0.38905057,-0.36676642,-0.5052002,-0.26497197,-0.22328886,-0.4926714,-0.49409422,-0.39023945,-0.38831827,-0.19868572,-0.47986358,-0.31610534,-0.33657902,-0.711321,-0.6377919,-0.21672814,-0.5357852,-0.42142776,-0.32695213,-0.5961952,-0.4251451,-0.027011896,-0.31150725,-0.2673558
-1.2443693,0.09355868,0.2307542,0.016090846,-0.13719553,-0.29724678,-0.07779308,-0.12961034,-0.3148382,-0.04490586,-0.06032546,-0.24656388,-0.08771975,-0.17545949,-0.052474283,-0.06699759,-0.1302684,-0.11708742,-0.24045734,-0.28023854,-0.38607258,-0.08569797,-0.23366514,0.012470009,-0.0015335111,-0.16050111,-0.13817573,-0.15604973,-0.04730984,-0.0035760666,-0.04838799,-0.23771249,-0.17832525,-0.17545544,-0.15646033,0.07701799,-0.23433638,-0.18933912,-0.11560552,-0.23745339,-0.097996674,-0.27016428,-0.021438994,-0.1443626,-0.30478558,-0.24173611,0.22663136,-0.26406732,-0.15610607,-0.045293596,-0.2882246,-0.23079881,0.26473096,-0.13590157,-0.13210659
1.8462784,0.15003665,-0.26707906,0.038196664,0.4171157,0.62959313,0.6191105,0.5185501,0.5425321,0.16368891,0.44770494,0.5644755,0.3345303,0.2557978,0.2803963,0.746353,0.8090826,0.27960137,0.35875997,0.5707272,0.27345616,0.6772382,0.6521773,0.48896518,0.6655983,0.37932545,0.4253516,0.28691456,0.36204916,0.72719187,0.52259797,0.23460342,0.10859211,0.027210265,0.33653453,0.20672852,0.5203602,0.021249615,0.23919293,0.6286274,0.45251215,0.22405921,0.17712086,0.41583574,0.44214073,0.36846006,0.456079,0.0010099518,0.46478415,0.66699284,0.341974,0.3930233,0.64345086,0.47058642,0.43288743
-1.8256073,-0.14129937,0.19188204,0.020379966,-0.3331814,-0.48129237,-0.44269207,-0.23908368,-0.47781077,-0.21563278,-0.27209032,-0.43545136,-0.26074573,-0.35262147,-0.23051381,-0.18884823,-0.36166126,-0.3640544,-0.4173663,-0.47648567,-0.63502157,-0.47354698,-0.41051078,-0.050112687,-0.06302188,-0.35878173,-0.33427063,-0.28206626,-0.14857636,-0.21754526,-0.17197621,-0.36451346,-0.3126989,-0.4319786,-0.22268969,-0.14640413,-0.45580953,-0.44075885,-0.35399652,-0.36378482,-0.18615933,-0.44708088,-0.2696032,-0.30592057,-0.61916584,-0.57443494,-0.18515117,-0.49298596,-0.37730178,-0.29756883,-0.54046285,-0.39410734,0.01458303,-0.2824589,-0.24683723
-0.060210943,-0.03349242,-0.1433357,0.008850189,0.109843284,0.05643823,0.15921307,0.041464362,-0.015824305,0.04131256,0.08689731,0.21080369,0.078690045,0.032158583,0.048976023,0.21808551,0.043352544,0.08050711,0.030430784,0.081050694,-0.005230911,0.23829639,0.174544,0.23775356,0.059483144,0.13454503,0.15167162,0.20342094,0.13019374,0.21444906,0.15942995,-0.05111489,-0.009786873,-0.024347872,0.06991194,0.2088272,0.15477844,-0.03317912,0.06846195,0.074604906,0.0407352,-0.080633335,0.16019991,0.19663343,0.056551248,0.0903303,0.29109094,0.019101528,0.12951821,0.22528704,0.21918216,0.31837744,0.25204933,0.108524874,0.11494767
1.1268349,-0.07757805,-0.19541879,0.012553413,0.11784074,0.038798124,0.20432417,0.017590107,-0.023639848,0.052504495,0.08689731,0.23434094,0.078690045,0.0776172,0.048976023,0.21287236,0.14921196,0.08585786,-0.042276286,-0.14067774,-0.005230911,0.19662148,0.1681144,0.2442087,0.09134181,0.09520683,0.15167162,0.15979117,0.1584935,0.32146633,0.17528856,0.008901188,-0.009786873,-0.024347872,0.10011726,0.2084998,0.2032545,-0.034071647,0.15570842,0.084606916,0.072939456,-0.1476706,0.16019991,0.19663343,0.10696595,0.0903303,0.29109094,0.0030526812,0.1533122,0.36401948,0.21918216,0.331154,0.25204933,0.124556914,0.14327906
-0.13091564,-0.19239578,-0.3014165,0.008498298,0.10902071,0.0590854,0.15921307,0.043753315,-0.015824305,0.04131256,0.08689731,0.21080369,0.078690045,0.030174462,0.048976023,0.21808551,0.043352544,0.08050711,0.0303753,0.081050694,-0.005230911,0.2432945,0.17492385,0.23775356,0.059483144,0.13454503,0.15167162,0.20342094,0.13019374,0.21444906,0.15942995,-0.050845414,-0.009786873,-0.024347872,0.070126,0.20881565,0.15477844,-0.03317912,0.06846195,0.07457094,0.0407352,-0.080633335,0.16019991,0.19663343,0.056551248,0.0903303,0.29109094,0.019101528,0.12951821,0.22415102,0.21918216,0.26967615,0.25204933,0.108524874,0.11494351
-0.65151274,0.022231985,-0.041075636,0.010843432,0.06330762,-0.07174033,0.15921307,0.058143184,-0.12364368,0.04131256,0.08689731,0.099493295,0.078690045,0.01260828,0.048976023,0.15850289,0.043352544,0.08050711,-0.030785821,-0.055442482,-0.05860734,0.28829563,-0.06274175,0.23775356,0.04998031,0.020067848,0.15167162,0.13816865,0.091142856,0.21444906,0.15942995,-0.048861243,-0.026115559,-0.024347872,-0.0051059634,0.2087305,0.0040271063,-0.03317912,0.06846195,-0.0077911373,0.0407352,-0.080633335,0.16019991,0.19663343,-0.057284553,0.060151596,0.29109094,0.019101528,0.0142585775,0.21578662,0.057336815,-0.04616502,0.25204933,0.108524874,-0.017918147
-1.5705235,-0.32527822,-0.079959065,0.016184194,-0.24531916,-0.4019131,-0.22667597,-0.19095251,-0.40100908,-0.13713437,-0.18568718,-0.3608942,-0.1829114,-0.29136088,-0.15706548,-0.13602425,-0.261037,-0.25592276,-0.3326307,-0.3925622,-0.5276741,-0.3157001,-0.3308007,-0.022999007,-0.0154002365,-0.27362442,-0.2518903,-0.22794746,-0.10506188,-0.12605506,-0.11757617,-0.30748335,-0.22861464,-0.26617613,-0.19076096,-0.028650668,-0.3644503,-0.32481092,-0.24424632,-0.30625433,-0.15637276,-0.36763066,-0.16349287,-0.23402855,-0.43526077,-0.42572138,-0.037031293,-0.39192542,-0.28259796,-0.225343,-0.43047643,-0.32125446,0.10724255,-0.21487439,-0.19723248
1.38711,-0.0017579261,-0.19257604,0.018389715,0.19081812,0.21877484,0.2784696,0.24210529,0.17146648,0.06636478,0.15791832,0.25095645,0.15154205,0.09103374,0.117808945,0.36108163,0.39823836,0.12571684,-0.058218263,0.26158097,0.015254618,0.28357738,0.35911372,0.2693148,0.28353396,0.14182882,0.24374278,0.14425284,0.22607073,0.4465247,0.27997193,0.054091204,-0.024592485,-0.0127494335,0.1322422,0.20820789,0.3077505,-0.049366876,0.18489695,0.2701009,0.2042835,-0.21452561,0.16019991,0.22085252,0.13198066,0.12398523,0.29109094,-0.020534424,0.25205213,0.43883437,0.23840393,0.33949637,0.3810541,0.22946692,0.16565846
-0.93415844,0.02325098,0.049244586,0.016264258,-0.025993606,-0.19980001,0.11560708,-0.048423134,-0.23842789,0.04131256,0.08689731,-0.096103914,0.021757951,-0.06623481,0.04406673,8.613616e-05,0.043320898,0.011539198,-0.14543386,-0.16526854,-0.25379193,0.15063797,-0.1453017,0.10506519,0.027255107,-0.054249845,-0.005045216,-0.031222085,0.021306667,0.18545686,0.092308424,-0.14794412,-0.11594888,-0.08357812,-0.11882836,0.2086843,-0.11073155,-0.0662183,0.013112976,-0.14743963,0.019139761,-0.17652819,0.16019991,-0.059267633,-0.17681405,-0.09313804,0.29109094,-0.13842233,-0.059807375,0.12550603,-0.14419891,-0.13674568,0.25793332,-0.016636945,-0.08041457
-0.1531657,0.15728846,0.04851897,0.008412233,0.10876949,0.05991843,0.15921307,0.04447363,-0.015824305,0.04131256,0.08689731,0.21080369,0.078690045,0.029550074,0.048976023,0.21808551,0.043352544,0.08050711,0.030107535,0.081050694,-0.005230911,0.24486743,0.17504342,0.23775356,0.059483144,0.13454503,0.15167162,0.20342094,0.13019374,0.21444906,0.15942995,-0.050760612,-0.009786873,-0.024347872,0.07019335,0.208812,0.15477844,-0.03317912,0.06846195,0.074560225,0.0407352,-0.080633335,0.16019991,0.19663343,0.056551248,0.0903303,0.29109094,0.019101528,0.12951821,0.22379354,0.21918216,0.2549827,0.25204933,0.108524874,0.114942245
-1.0174332,-0.023718756,0.031375237,0.016945213,-0.055093993,-0.22595915,0.063155785,-0.08689089,-0.25763348,0.03425972,0.08689731,-0.14686543,-0.02240077,-0.09555568,0.02076687,-0.018394597,0.036542382,-0.021869512,-0.17535439,-0.19569178,-0.28841713,0.08715309,-0.16841109,0.059160456,0.018149022,-0.08184531,-0.03988201,-0.07437514,0.0011312852,0.1341622,0.04386018,-0.17457029,-0.13871297,-0.11725979,-0.12926011,0.2080348,-0.14391272,-0.09805235,-0.021961326,-0.18000457,-0.02266286,-0.20269538,0.13716468,-0.08184522,-0.21186991,-0.12805653,0.29109094,-0.17137359,-0.086345665,0.08158501,-0.18484819,-0.16264476,0.2597581,-0.06766379,-0.09428517
0.6591852,0.091872334,-0.013777919,0.009293277,0.10565025,0.025612766,0.15921307,0.025401654,-0.015824305,0.04131256,0.08689731,0.21080369,0.078690045,0.05351106,0.048976023,0.21808551,0.043352544,0.08050711,-0.013632553,-0.018821463,-0.005230911,0.18749633,0.17067885,0.23775356,0.059483144,0.11226832,0.15167162,0.20182015,0.13019374,0.21444906,0.15942995,-0.05381639,-0.009786873,-0.024347872,0.067734,0.20894483,0.15477844,-0.03317912,0.08963215,0.07495058,0.0407352,-0.080633335,0.16019991,0.19663343,0.056551248,0.0903303,0.29109094,0.019101528,0.13672885,0.22686549,0.21918216,0.331154,0.25204933,0.108524874,0.11498986
1.644794,0.2580616,-0.04788038,0.027471414,0.30594197,0.43826878,0.41853073,0.38268203,0.3880957,0.09860263,0.30780488,0.41687208,0.22874005,0.10884595,0.20566721,0.568267,0.62967163,0.18633412,0.2741487,0.45278913,0.10505928,0.52946585,0.52521056,0.389956,0.4910058,0.26927927,0.33503482,0.15972537,0.3035889,0.5982873,0.3875003,0.14259687,0.029243723,0.009466255,0.23493768,0.2079189,0.41968384,-0.019773604,0.20853005,0.46360287,0.3202387,0.08657096,0.16019991,0.3193453,0.25137988,0.2563188,0.36059612,-0.042731706,0.3671716,0.5655227,0.27277553,0.35795698,0.52106535,0.36198074,0.24306667
-1.0629954,-0.29072952,-0.21812546,0.016609032,-0.07260406,-0.24027169,0.034717586,-0.095467724,-0.26814148,0.017821362,0.05884712,-0.17457446,-0.03560152,-0.11159806,0.005915354,-0.028172411,0.0030515864,-0.04014847,-0.18885556,-0.21233736,-0.30763867,0.052426,-0.18153216,0.034187492,0.013166793,-0.096943654,-0.05932078,-0.095980145,-0.008708218,0.097496234,0.018725066,-0.1891383,-0.14715779,-0.13016021,-0.13491894,0.17956418,-0.16206719,-0.11634383,-0.041065585,-0.19242804,-0.04404285,-0.21657425,0.10609251,-0.09419813,-0.23105018,-0.14716156,0.29109094,-0.18966772,-0.1003996,0.057539452,-0.20608601,-0.17633376,0.26075655,-0.09558221,-0.10193291
1.3785517,0.16219412,-0.025929198,0.017957559,0.18812332,0.2120189,0.2753755,0.23854995,0.16429324,0.065847024,0.15347405,0.25026038,0.14918534,0.09059258,0.11555149,0.35445163,0.39064276,0.124382645,-0.057694085,0.24473299,0.0140893655,0.28123215,0.35387373,0.26908052,0.27767977,0.14082499,0.2406666,0.1449313,0.22365054,0.44234195,0.27615622,0.05265573,-0.023761455,-0.013487268,0.12942865,0.2082175,0.30420214,-0.048703324,0.18421812,0.26400787,0.20087472,-0.21232732,0.16019991,0.21657321,0.13125983,0.119755015,0.29109094,-0.019758843,0.24873614,0.43614087,0.23696494,0.3387833,0.3764278,0.22355422,0.16492255
-0.94887376,-0.3272417,-0.29615295,0.01638917,-0.031088738,-0.20442255,0.10632998,-0.055559892,-0.24182172,0.04131256,0.08689731,-0.10511783,0.012205749,-0.07141604,0.040883698,-0.0031818822,0.04330844,0.0056356094,-0.15140274,-0.17064458,-0.2598645,0.13941973,-0.14934503,0.096953444,0.025645982,-0.05912619,-0.011201162,-0.039011713,0.017470343,0.17638163,0.08168209,-0.15264918,-0.119971484,-0.08950096,-0.12067277,0.20868188,-0.11659493,-0.071224496,0.007450725,-0.15405433,0.011711548,-0.18117937,0.16019991,-0.06325727,-0.18300867,-0.0993084,0.29109094,-0.14424507,-0.064496905,0.11774482,-0.15150303,-0.14141369,0.25825584,-0.025653789,-0.08284894
-1.9203706,-0.26483357,0.104961544,0.022022722,-0.3697951,-0.5035249,-0.5253804,-0.25939408,-0.506662,-0.29716745,-0.30316365,-0.4627192,-0.2892058,-0.37552032,-0.25661606,-0.20847748,-0.39931592,-0.40265206,-0.49392575,-0.50642556,-0.67298645,-0.5259656,-0.44070527,-0.0601854,-0.13812739,-0.39030743,-0.3579997,-0.30446568,-0.16401607,-0.2665295,-0.19218569,-0.38590965,-0.36111262,-0.49555954,-0.25958377,-0.20784119,-0.48795283,-0.48726696,-0.3858389,-0.38517788,-0.19721666,-0.47566718,-0.30981645,-0.33267143,-0.6989014,-0.6296818,-0.21268612,-0.53022504,-0.41567302,-0.32319087,-0.58905774,-0.4211721,-0.021687534,-0.30750963,-0.26473045
-1.1238296,-0.12606865,-0.03131306,0.016419254,-0.09475559,-0.25938156,-0.0031760905,-0.106919445,-0.28358045,-0.0035627764,0.016497254,-0.20212333,-0.054582562,-0.13301766,-0.013819621,-0.04122763,-0.04166495,-0.065316565,-0.20683628,-0.23456223,-0.33330315,0.0060981708,-0.19905126,0.02698439,0.0065145893,-0.11812867,-0.08623768,-0.12576321,-0.021655483,0.05366216,-0.014835076,-0.20514348,-0.15743044,-0.14535259,-0.14234783,0.13892278,-0.18630682,-0.14076635,-0.06630247,-0.20901577,-0.061661713,-0.2346273,0.06425581,-0.11069159,-0.2558485,-0.17686309,0.29109094,-0.21462192,-0.11908394,0.024798151,-0.2344425,-0.19461115,0.26208958,-0.11273171,-0.112098604
-0.8091631,0.022844018,0.005231604,0.014292311,0.017612414,-0.16214895,0.15921307,0.0110772485,-0.1903301,0.04131256,0.08689731,-0.018764406,0.078690045,-0.022224165,0.048976023,0.056229614,0.043352544,0.05323794,-0.09473269,-0.11960327,-0.18266398,0.24915314,-0.11035876,0.17396818,0.038631372,-0.018605575,0.047244854,0.034944985,0.053893246,0.21444906,0.15942995,-0.1085001,-0.079596944,-0.03325401,-0.07657743,0.20870472,-0.060926635,-0.03317912,0.05552237,-0.0882891,0.0407352,-0.13703552,0.16019991,0.05406239,-0.124803215,-0.030442523,0.29109094,-0.043974217,-0.020292196,0.1914315,-0.07210415,-0.09731956,0.25519437,0.059061162,-0.06035631
-0.0023095608,0.13613136,0.02622474,0.008962717,0.10990662,0.054270424,0.15921307,0.03977354,-0.015824305,0.04131256,0.08689731,0.21080369,0.078690045,0.033783417,0.048976023,0.21808551,0.043352544,0.08050711,0.02688431,0.081050694,-0.005230911,0.23420328,0.1742329,0.23775356,0.059483144,0.13454503,0.15167162,0.20342094,0.13019374,0.21444906,0.15942995,-0.051335573,-0.009786873,-0.024347872,0.06973665,0.20883666,0.15477844,-0.03317912,0.06846195,0.07463273,0.0407352,-0.080633335,0.16019991,0.19663343,0.056551248,0.0903303,0.29109094,0.019101528,0.12951821,0.22621734,0.21918216,0.331154,0.25204933,0.108524874,0.11495107
1.183223,0.37344038,0.24692078,0.014032007,0.1265196,0.051040262,0.22435905,0.016798213,-0.026728457,0.059262313,0.08689731,0.23829564,0.078690045,0.080523886,0.048976023,0.20683634,0.20407876,0.094418585,-0.045730073,-0.15491822,-0.005230911,0.23458968,0.22101326,0.25217924,0.13730638,0.09626037,0.15167162,0.15531082,0.17177168,0.3474985,0.19509873,0.019828761,-0.009786873,-0.024347872,0.10602303,0.20843658,0.22546123,-0.038145658,0.16636263,0.084603935,0.1312943,-0.16215464,0.16019991,0.19663343,0.1130181,0.0903303,0.29109094,-0.0020574199,0.16512553,0.37817112,0.21918216,0.331154,0.27882838,0.12833172,0.14812751
-0.58964574,-0.16358487,-0.24169272,0.009350495,0.07810785,-0.029062832,0.15921307,0.057913568,-0.092514984,0.04131256,0.08689731,0.14972469,0.078690045,0.023539988,0.048976023,0.1945359,0.043352544,0.08050711,-0.0056910627,0.0049707736,-0.009918966,0.28191245,-0.025727678,0.23775356,0.05391429,0.045849133,0.15167162,0.17862038,0.11495605,0.21444906,0.15942995,-0.049097043,-0.009786873,-0.024347872,0.025100453,0.20874065,0.030082356,-0.03317912,0.06846195,0.028202016,0.0407352,-0.080633335,0.16019991,0.19663343,-0.01567289,0.0903303,0.29109094,0.019101528,0.033211872,0.21678063,0.10819114,-0.02258372,0.25204933,0.108524874,0.017982133
0.5652108,0.025450436,-0.081026755,0.009163151,0.10647719,0.030955354,0.15921307,0.02746295,-0.015824305,0.04131256,0.08689731,0.21080369,0.078690045,0.049709186,0.048976023,0.21808551,0.043352544,0.08050711,-0.007876566,0.0077600298,-0.005230911,0.19412674,0.17118374,0.23775356,0.059483144,0.11569684,0.15167162,0.20342094,0.13019374,0.21444906,0.15942995,-0.053498585,-0.009786873,-0.024347872,0.068018526,0.2089295,0.15477844,-0.03317912,0.08482819,0.07490541,0.0407352,-0.080633335,0.16019991,0.19663343,0.056551248,0.0903303,0.29109094,0.019101528,0.13326234,0.22784318,0.21918216,0.331154,0.25204933,0.108524874,0.11498438
1.5648863,-0.080630496,-0.3483274,0.023607032,0.26769692,0.3686174,0.36825567,0.33114913,0.31760463,0.08225166,0.25390136,0.35715726,0.20193483,0.10019766,0.17704906,0.50160515,0.5576562,0.16579059,0.24756747,0.3922673,0.069294244,0.47149903,0.47419944,0.35647053,0.42135644,0.22870353,0.3048342,0.15563832,0.2796168,0.5471646,0.3545308,0.1045682,-0.036451053,0.002577182,0.20155787,0.20800853,0.3844774,-0.033905156,0.20040204,0.40110227,0.27796963,0.030214155,0.16019991,0.2825233,0.16168246,0.21415855,0.29109094,-0.034247033,0.328459,0.5255224,0.26231754,0.35173526,0.47764793,0.3216924,0.21522845
1.7850103,0.29037088,-0.090785146,0.034976143,0.38115603,0.5651642,0.55852556,0.47639534,0.49913538,0.1406988,0.403885,0.5220369,0.29920763,0.22324282,0.257611,0.6922799,0.75626075,0.24511513,0.33216497,0.5371329,0.22173686,0.63167447,0.6135827,0.4569892,0.61275464,0.34346268,0.39084107,0.1791133,0.3441113,0.6879941,0.465933,0.20779967,0.07629729,0.021659652,0.30538848,0.20776165,0.4844199,0.008695271,0.22552757,0.5742275,0.40701696,0.18550351,0.17320083,0.38649467,0.39544496,0.33396375,0.42649996,-0.019740315,0.43510175,0.63615566,0.32326582,0.38076124,0.6054463,0.43692452,0.38293508
-0.8880578,0.055632338,0.06453897,0.015902871,-0.008906629,-0.18545933,0.14467084,-0.027991334,-0.2228377,0.04131256,0.08689731,-0.06786483,0.055514645,-0.050002873,0.048976023,0.020699758,0.043352544,0.030034121,-0.12673429,-0.14842637,-0.23476765,0.18588062,-0.13263462,0.13047789,0.032096483,-0.03897308,0.014240338,-0.0068184324,0.03332521,0.2141789,0.13153978,-0.13317928,-0.10334673,-0.06502287,-0.11306424,0.20869184,-0.092362575,-0.04877208,0.029304216,-0.12671673,0.0407352,-0.16195676,0.16019991,-0.01926632,-0.15740718,-0.07380919,0.29109094,-0.10758304,-0.045115884,0.14982061,-0.12164855,-0.12212158,0.25692314,0.011573611,-0.07298444
-0.8306987,0.014769468,0.0041460264,0.014788483,0.010623442,-0.16851193,0.15921307,0.00022170565,-0.19920358,0.04131256,0.08689731,-0.032267526,0.078690045,-0.029806823,0.048976023,0.04653117,0.043352544,0.047033586,-0.10346807,-0.12747101,-0.1996097,0.2317906,-0.11647143,0.1620968,0.036853045,-0.02388852,0.038235713,0.023544975,0.04827885,0.21444906,0.15942995,-0.11504714,-0.086753756,-0.041957993,-0.08686668,0.20870122,-0.069507584,-0.03317912,0.04837295,-0.09928538,0.0407352,-0.14382675,0.16019991,0.034176167,-0.13356356,-0.043953255,0.29109094,-0.061337277,-0.026951369,0.18007311,-0.08965517,-0.104020156,0.25566626,0.045825318,-0.063972086
-0.96990454,-0.24141914,-0.20310912,0.01661473,-0.038310025,-0.21102896,0.09307132,-0.06575954,-0.246672,0.04131256,0.08689731,-0.11800027,-0.00034596826,-0.07882096,0.036087032,-0.007852465,0.043290637,-0.0028016656,-0.15993337,-0.17832792,-0.26854327,0.123386726,-0.15512365,0.08536037,0.02334627,-0.06609533,-0.01999911,-0.050144456,0.012092468,0.16341154,0.070080146,-0.15937352,-0.12572049,-0.09796577,-0.12330695,0.20867845,-0.12497472,-0.07902984,-0.0015715042,-0.16350794,0.0011595301,-0.18782677,0.16019991,-0.06895918,-0.19186196,-0.10812697,0.29109094,-0.15256684,-0.07119906,0.106652714,-0.16194189,-0.14808507,0.25871664,-0.03854045,-0.08632806
0.21099067,0.15935971,0.050247632,0.008967949,0.10911208,0.04628451,0.15921307,0.0351422,-0.015824305,0.04131256,0.08689731,0.21080369,0.078690045,0.039769046,0.048976023,0.21808551,0.043352544,0.08050711,0.013819559,0.081050694,-0.005230911,0.21912494,0.17308688,0.23775356,0.059483144,0.12862001,0.15167162,0.20342094,0.13019374,0.21444906,0.15942995,-0.05214853,-0.009786873,-0.024347872,0.069090895,0.20887156,0.15477844,-0.03317912,0.06846195,0.07473522,0.0407352,-0.080633335,0.16019991,0.19663343,0.056551248,0.0903303,0.29109094,0.019101528,0.12951821,0.22964442,0.21918216,0.331154,0.25204933,0.108524874,0.11496359
1.8585565,0.23187214,-0.19237068,0.038980845,0.42424282,0.642929,0.6310234,0.52699786,0.5512288,0.1687234,0.4562284,0.5724356,0.34247974,0.26265877,0.2860293,0.75792813,0.819631,0.28689367,0.3640896,0.5774594,0.2837468,0.6860913,0.6599117,0.49537316,0.6761881,0.38651228,0.43258914,0.30749264,0.36564386,0.735047,0.5353677,0.2399749,0.11506395,0.028322604,0.3428037,0.20580687,0.5278416,0.023701958,0.24300978,0.6395446,0.4616325,0.22970425,0.17848702,0.42171577,0.45172286,0.37537315,0.46200666,0.0034399806,0.47073245,0.6731726,0.33953714,0.39559752,0.65112865,0.4773323,0.4437889
0.34862304,0.3107398,0.20233592,0.00898195,0.10840387,0.041131593,0.15921307,0.032153822,-0.015824305,0.04131256,0.08689731,0.21080369,0.078690045,0.0436313,0.048976023,0.21808551,0.043352544,0.08050711,0.005389532,0.06892515,-0.005230911,0.20940815,0.17234741,0.23775356,0.059483144,0.123598695,0.15167162,0.20342094,0.13019374,0.21444906,0.15942995,-0.052673087,-0.009786873,-0.024347872,0.06867421,0.20889406,0.15477844,-0.03317912,0.07375619,0.074801356,0.0407352,-0.080633335,0.16019991,0.19663343,0.056551248,0.0903303,0.29109094,0.019101528,0.12951821,0.23009656,0.21918216,0.331154,0.25204933,0.108524874,0.11497167
0.032009125,0.077723205,-0.032074653,0.008963026,0.10979786,0.052985556,0.15921307,0.03902836,-0.015824305,0.04131256,0.08689731,0.21080369,0.078690045,0.034746446,0.048976023,0.21808551,0.043352544,0.08050711,0.024782257,0.081050694,-0.005230911,0.23177731,0.17404853,0.23775356,0.059483144,0.13454503,0.15167162,0.20342094,0.13019374,0.21444906,0.15942995,-0.051466376,-0.009786873,-0.024347872,0.069632754,0.20884229,0.15477844,-0.03317912,0.06846195,0.0746492,0.0407352,-0.080633335,0.16019991,0.19663343,0.056551248,0.0903303,0.29109094,0.019101528,0.12951821,0.22676872,0.21918216,0.331154,0.25204933,0.108524874,0.11495311
0.25851154,-0.02628589,-0.13522346,0.00896993,0.10893758,0.04450533,0.15921307,0.034110397,-0.015824305,0.04131256,0.08689731,0.21080369,0.078690045,0.04110257,0.048976023,0.21808551,0.043352544,0.08050711,0.010908896,0.081050694,-0.005230911,0.215766,0.17283158,0.23775356,0.059483144,0.12688631,0.15167162,0.20342094,0.13019374,0.21444906,0.15942995,-0.052329652,-0.009786873,-0.024347872,0.06894701,0.20887932,0.15477844,-0.03317912,0.069149695,0.074758045,0.0407352,-0.080633335,0.16019991,0.19663343,0.056551248,0.0903303,0.29109094,0.019101528,0.12951821,0.23025931,0.21918216,0.331154,0.25204933,0.108524874,0.11496637
-1.4332494,-0.22183266,-0.021395504,0.015717974,-0.20043716,-0.3567136,-0.18958026,-0.16514064,-0.36355266,-0.10359807,-0.13837704,-0.31758174,-0.14218323,-0.24243812,-0.11304438,-0.10726743,-0.20794594,-0.1977314,-0.29314,-0.3466099,-0.46885464,-0.22441022,-0.28970754,-0.0083519155,-0.009792104,-0.22633077,-0.20693953,-0.19773553,-0.08164441,-0.07675652,-0.08830063,-0.279157,-0.20872284,-0.22173214,-0.17645817,0.014965035,-0.30961445,-0.2651089,-0.18607658,-0.2753412,-0.13855067,-0.3264944,-0.105693854,-0.19671506,-0.3805894,-0.34570944,0.06944112,-0.33783185,-0.22766395,-0.1495042,-0.37062898,-0.2822459,0.19044942,-0.18102457,-0.16812156
-1.4183605,-0.025297053,0.17021704,0.015720611,-0.1955141,-0.35181123,-0.18210731,-0.16234107,-0.35966718,-0.09996068,-0.13324574,-0.31198356,-0.13766897,-0.23713021,-0.10826981,-0.104093075,-0.20214082,-0.19141988,-0.28898716,-0.34158456,-0.4623022,-0.2136834,-0.28525057,-0.0067565544,-0.009183842,-0.22120775,-0.20230414,-0.19444957,-0.07910453,-0.07131662,-0.08512538,-0.2761015,-0.20666853,-0.21810293,-0.17490686,0.019856485,-0.30367726,-0.25863355,-0.18055093,-0.2722623,-0.13635702,-0.3220385,-0.0994249,-0.1926875,-0.37466195,-0.33732486,0.0809892,-0.33197343,-0.22170576,-0.14128956,-0.36415407,-0.27821115,0.19970149,-0.17746763,-0.1649561
1.1281543,0.21832053,0.10033195,0.012574446,0.11798859,0.03908457,0.20478785,0.017571595,-0.02371261,0.052727737,0.08689731,0.23442703,0.078690045,0.07768523,0.048976023,0.21272704,0.15049572,0.086058185,-0.04235711,-0.14101095,-0.005230911,0.19713989,0.16810696,0.2444712,0.09241731,0.09515869,0.15167162,0.15963858,0.15878911,0.32201967,0.17573261,0.00915709,-0.009786873,-0.024347872,0.10025546,0.20849833,0.20376351,-0.034172535,0.15595771,0.08477492,0.07377735,-0.14800952,0.16019991,0.19663343,0.1072806,0.0903303,0.29109094,0.0029331157,0.15335743,0.36435062,0.21918216,0.331154,0.25204933,0.12464522,0.1433925
2.038899,0.38082173,-0.15263757,0.052602053,0.5334593,0.8462664,0.8060016,0.65108037,0.68959254,0.25935245,0.58801407,0.7023354,0.46333265,0.34176838,0.3699986,0.9324764,0.97456545,0.39415497,0.4488017,0.6763443,0.4267913,0.817928,0.7779825,0.61210483,0.83281195,0.4920742,0.5531965,0.49262607,0.41844407,0.85042524,0.7231488,0.31391445,0.20864704,0.038293257,0.4387159,0.1922695,0.6377303,0.06072665,0.29236585,0.80057013,0.6023531,0.32581103,0.32183188,0.5101603,0.59247136,0.48353934,0.5665348,0.03500057,0.58214855,0.7690146,0.37408713,0.43601573,0.76334333,0.576416,0.60938495
3.5466943,1.6127878,-0.05125904,0.24695472,1.6640469,2.63171,2.3256464,1.9997026,1.9590224,1.3564495,1.8680826,1.9805406,1.8254927,1.004403,1.1685807,2.7324014,2.3956065,1.2915695,1.3223068,1.6514475,1.5562028,2.2332437,2.1779568,1.5982939,2.147832,1.550525,2.0899177,1.5777503,1.1839219,1.9094281,2.6893318,1.125536,1.109087,0.7785257,1.3430297,0.78589815,1.6747757,0.9407073,0.8169946,2.3434746,1.7978876,1.305138,1.7714715,1.485627,1.813521,1.4700663,1.8131919,1.1484475,2.0130868,1.5689117,1.135941,1.2375021,1.7325082,1.6796418,2.0840077
3.7300968,1.9736804,0.15690958,0.28730607,1.8167708,2.8654244,2.5244699,2.1782634,2.1312273,1.489088,2.0525162,2.1644068,2.00876,1.087329,1.2681841,2.9778378,2.5885518,1.3884473,1.4420425,1.7972133,1.6986597,2.4267447,2.3812127,1.7503353,2.3147163,1.7070006,2.291752,1.7037115,1.3049171,2.0417318,2.9721344,1.2398713,1.2368158,0.8865395,1.4693722,0.90622956,1.8104999,1.0340093,0.8976149,2.543465,1.9548591,1.4444363,1.9462497,1.656648,1.9364656,1.5944676,1.9737089,1.28582,2.2055018,1.6805553,1.2330928,1.3610544,1.8801155,1.8307611,2.2737083
3.6193817,1.9316386,0.20737147,0.26247144,1.7242671,2.7243378,2.4043856,2.0704706,2.0272968,1.4090179,1.9411787,2.049894,1.8981265,1.0372688,1.2080562,2.829675,2.4716372,1.3299648,1.3694727,1.7088969,1.6090964,2.308402,2.2583199,1.6579827,2.2139728,1.6125406,2.16991,1.630961,1.2318757,1.9618636,2.801414,1.1707922,1.1597093,0.8212448,1.3931029,0.8335025,1.728125,0.97768545,0.8489467,2.42236,1.8606524,1.35935,1.8409035,1.5496166,1.8622472,1.519268,1.8766798,1.202892,2.0891206,1.6095808,1.1744448,1.2864691,1.7910093,1.7404435,2.159191
3.333122,1.3818861,-0.106740594,0.20475112,1.4886267,2.3595493,2.0942934,1.7917683,1.7581546,1.2019916,1.654642,1.7767653,1.6120776,0.9075682,1.0474188,2.4465911,2.1760657,1.1787555,1.18374,1.4838436,1.4100049,2.013832,1.9418316,1.4450651,1.953495,1.3715876,1.854881,1.4214051,1.0380937,1.7540067,2.367648,0.99432254,0.96034664,0.6538427,1.1959038,0.6540619,1.5184834,0.83205724,0.72311234,2.1116912,1.6134697,1.1509488,1.5673001,1.3050878,1.6710382,1.3269184,1.6272879,0.988477,1.7896829,1.4494162,1.0228078,1.0936255,1.5722826,1.5009933,1.8631012
2.730505,0.9005635,-0.11526775,0.114197224,1.0158312,1.6177601,1.4708387,1.233046,1.2395214,0.7632126,1.1262199,1.2397128,1.0387499,0.6424341,0.7055931,1.7051802,1.5787913,0.801186,0.8191075,1.057483,0.9671398,1.4175005,1.3228874,1.0216172,1.4273098,0.90616304,1.1840403,0.9822144,0.65419126,1.3155034,1.5362799,0.6322708,0.59411764,0.31636393,0.80820954,0.32733518,1.0863072,0.5254894,0.5193277,1.458838,1.1189946,0.7596342,0.95487344,0.89856964,1.2397608,0.92330265,1.0957198,0.54099774,1.1901928,1.1137913,0.7038372,0.717909,1.1914173,1.0258683,1.2747571
2.7273898,0.75741404,-0.25609797,0.11383514,1.013512,1.6142771,1.4679135,1.2303344,1.2370442,0.7607727,1.1237943,1.2371736,1.0358821,0.6411138,0.7040974,1.7015781,1.5759454,0.79930335,0.8172729,1.0559158,0.9647594,1.4145224,1.3200011,1.0194292,1.4246135,0.9040795,1.1806066,0.9799573,0.652648,1.3132365,1.532062,0.63047034,0.59239215,0.3146092,0.8064715,0.3256431,1.0841987,0.52390456,0.51840395,1.4557011,1.1166703,0.7576062,0.95171845,0.896714,1.2368385,0.9212443,1.0929751,0.53878313,1.187165,1.1121638,0.70219517,0.7163749,1.1894541,1.023763,1.2718095
3.136135,1.2818278,-0.04754424,0.17112535,1.329372,2.108524,1.8809068,1.5999817,1.5728853,1.0595288,1.4758754,1.5920954,1.4187034,0.817842,0.93264353,2.189192,1.9781172,1.0591775,1.0602522,1.3349137,1.2669677,1.8114593,1.7341087,1.306418,1.7777593,1.2112504,1.638097,1.277201,0.8997855,1.6106663,2.0857484,0.87317115,0.8306031,0.5420073,1.060252,0.5316323,1.374395,0.73184454,0.64277875,1.8979076,1.4462112,1.0235903,1.373726,1.1507866,1.5444672,1.1946455,1.4554023,0.8409295,1.589576,1.3399696,0.91846013,0.960922,1.4456035,1.3375611,1.662063
2.5272982,0.6292521,-0.23626757,0.092867345,0.86551964,1.3905545,1.2775296,1.0561553,1.0779421,0.60405934,0.96800315,1.0740781,0.85191005,0.5613747,0.6046464,1.4713157,1.3930355,0.67837757,0.70383036,0.9498746,0.81587887,1.224404,1.135661,0.89671445,1.2511759,0.7783298,0.9685478,0.8340625,0.5675181,1.1719745,1.265361,0.5145784,0.48031732,0.20986676,0.6969964,0.21032768,0.9487682,0.40018135,0.45522752,1.2533412,0.9674311,0.6270015,0.75531596,0.7787173,1.0491335,0.7873944,0.91697127,0.39064905,0.99479973,1.0112679,0.59960765,0.62140906,1.0633478,0.88852984,1.0824882
3.456253,1.6199317,0.030414224,0.22823764,1.5895175,2.5164583,2.2276754,1.9116488,1.8739611,1.2910415,1.7771332,1.8942479,1.7351177,0.96350974,1.1193178,2.6113696,2.3010027,1.2437963,1.2636207,1.5800651,1.4945984,2.1403298,2.077965,1.5319079,2.0655363,1.4733621,1.990387,1.511543,1.1241871,1.8431162,2.5498736,1.0699828,1.0461,0.72572637,1.2807266,0.73020655,1.6085908,0.89469737,0.7772384,2.2453215,1.7197924,1.2377299,1.6850815,1.409097,1.7528123,1.4094474,1.7342784,1.0807049,1.9184822,1.518309,1.0880325,1.1765748,1.6597188,1.6039896,1.9904606
2.0409288,0.19879663,-0.33593732,0.05278181,0.53473395,0.84856623,0.8079712,0.6524771,0.6912065,0.2604959,0.5894975,0.70386654,0.46475756,0.34263974,0.37096158,0.9347045,0.9763093,0.39536774,0.4498108,0.6774572,0.42838216,0.81941485,0.77931505,0.61341,0.8346099,0.49326247,0.55480343,0.49467507,0.4189875,0.851724,0.72526306,0.3146869,0.2096562,0.03840363,0.4398033,0.19211715,0.63896716,0.061145112,0.29298604,0.80239767,0.60399836,0.326976,0.3237009,0.5112503,0.5942457,0.48479858,0.5678115,0.035355777,0.58360386,0.7701106,0.3747028,0.43654317,0.76459897,0.5775313,0.61136955
3.561915,1.8818032,0.20518756,0.25016925,1.6766156,2.6511064,2.3421342,2.0145214,1.9733378,1.3674572,1.883389,1.9950632,1.840702,1.0112851,1.1768467,2.7527704,2.4115274,1.2996093,1.3321831,1.6634773,1.5665705,2.2488806,2.1947846,1.6101016,2.1616817,1.563511,2.1066678,1.5888923,1.1939635,1.920408,2.7128017,1.1349368,1.1196872,0.7874115,1.3535149,0.7957534,1.6859144,0.94845057,0.82368535,2.3599932,1.8110305,1.3164899,1.7860106,1.498844,1.8237242,1.4802678,1.8264725,1.1598481,2.0290082,1.5774276,1.1440037,1.2477558,1.7447581,1.6923736,2.099751
2.2768261,0.42592737,-0.26065496,0.07462895,0.6865823,1.1109232,1.0371511,0.8354266,0.87877977,0.40361646,0.7729855,0.8817969,0.6442871,0.44360983,0.48286998,1.1936363,1.1783466,0.5357049,0.5672695,0.8074529,0.6180987,1.0087342,0.94481844,0.75757414,1.0363998,0.6313429,0.7466861,0.67123264,0.48544994,1.0026448,0.9709741,0.40438396,0.33731467,0.10755981,0.56616175,0.17172253,0.7827073,0.11468101,0.37214908,1.0156534,0.7817592,0.4628426,0.530387,0.6432539,0.80519634,0.6311407,0.7163567,0.120268315,0.7739345,0.89322644,0.46808574,0.51492757,0.9067649,0.71776366,0.8430626
3.7962282,2.2819788,0.40981042,0.30280218,1.8721684,2.9496975,2.5969446,2.2426488,2.1933057,1.5369152,2.1190193,2.233097,2.0748427,1.1172303,1.3040992,3.0663378,2.6586409,1.4233794,1.4855261,1.8505273,1.7515353,2.501081,2.4548178,1.8054981,2.3748913,1.7634226,2.3637981,1.7465967,1.3487897,2.0894375,3.0741072,1.281133,1.2828723,0.9255408,1.5149289,0.94967026,1.8592604,1.0676523,0.9280009,2.615977,2.0114903,1.4973255,2.006823,1.7205791,1.9807967,1.6395217,2.0318618,1.3352691,2.275031,1.7247783,1.2681237,1.4056048,1.9333404,1.8845365,2.3421104
2.1969318,0.3272443,-0.3064718,0.067283556,0.6337161,1.0228356,0.95951444,0.7687237,0.815252,0.3522799,0.71061784,0.821535,0.5793264,0.40549865,0.44496852,1.1059406,1.1103332,0.48858008,0.5273623,0.7629842,0.5525679,0.9395611,0.8866882,0.71074945,0.96852046,0.58457744,0.6815445,0.62168604,0.4610512,0.9515306,0.887756,0.37405005,0.2916834,0.08683492,0.52336633,0.17945977,0.734025,0.093301795,0.34509695,0.94284153,0.7225345,0.41650143,0.46082526,0.5984267,0.7306047,0.5815772,0.6659978,0.0629401,0.70445627,0.85331225,0.42733222,0.48129508,0.85795754,0.665144,0.7642537
2.055931,0.41049102,-0.13373515,0.054059982,0.54422617,0.8655633,0.82252717,0.6627992,0.7031356,0.26894623,0.60051805,0.71518224,0.47528896,0.3490632,0.37807858,0.95117164,0.989198,0.40433168,0.45726871,0.68568325,0.44002494,0.8304031,0.78916365,0.6227708,0.84789765,0.5020439,0.5669166,0.50981903,0.42287374,0.86132205,0.7408895,0.32039568,0.21711427,0.042598736,0.44783917,0.190991,0.6481086,0.06423748,0.29756963,0.8159037,0.6161586,0.33558536,0.33751437,0.51946753,0.6073588,0.4941054,0.57724726,0.037980806,0.5946582,0.7782102,0.37925285,0.4404414,0.77387846,0.5857738,0.6260368
3.919736,2.5142012,0.5375056,0.33257726,1.9766955,3.106784,2.733767,2.362896,2.3139408,1.6332275,2.2432213,2.3613856,2.1982596,1.1730746,1.3711748,3.2316206,2.789539,1.4886192,1.5667367,1.9500983,1.8505081,2.6399124,2.5922823,1.9085219,2.4874198,1.8687973,2.4967427,1.8280382,1.4309782,2.178534,3.268228,1.3581939,1.3688883,0.99838,1.6157362,1.0308006,1.9503253,1.1362499,0.98931557,2.7514017,2.1185641,1.5961024,2.1208515,1.8399777,2.0635908,1.7252339,2.1466079,1.4274337,2.4047458,1.8074113,1.3342781,1.488808,2.0327425,1.9849684,2.4698594
3.8176515,2.3710968,0.4809208,0.30791214,1.890176,2.9769979,2.6206775,2.2635064,2.214124,1.5524087,2.140563,2.25535,2.0962508,1.1269169,1.3157341,3.0950072,2.6813464,1.4346956,1.4996127,1.8677989,1.768703,2.5251625,2.4786618,1.8233684,2.394385,1.7817007,2.3868585,1.7604896,1.3630397,2.104892,3.107141,1.2944999,1.2977924,0.9381752,1.5296869,0.96374285,1.8750561,1.0785507,0.93853086,2.6394675,2.030063,1.5144593,2.0264459,1.7412896,1.9951581,1.6543846,2.0517654,1.3512558,2.2975512,1.7391044,1.2795956,1.4200373,1.9505823,1.9019572,2.3642693
2.305949,0.41873464,-0.28772202,0.07689709,0.70645666,1.1430639,1.0652977,0.861271,0.90193677,0.42646518,0.7956607,0.90376323,0.6679661,0.457502,0.49668565,1.2256029,1.203139,0.55181354,0.58189154,0.8240125,0.6416976,1.0338104,0.966008,0.7729392,1.0611432,0.6483898,0.77043146,0.689827,0.49499214,1.0212768,1.0013083,0.4154161,0.35394818,0.11925778,0.5812678,0.16890216,0.80045277,0.12366865,0.38180876,1.0421546,0.8033475,0.48073336,0.5557435,0.65910673,0.83416635,0.64920735,0.7347133,0.15932626,0.79958326,0.90695137,0.48360717,0.5271872,0.92496985,0.7376302,0.8717898
3.293972,1.2958949,-0.16088128,0.19767082,1.4567761,2.3096597,2.0518842,1.7536517,1.7213334,1.173678,1.619113,1.7394111,1.5729564,0.8897205,1.0245742,2.3941984,2.1364272,1.1580756,1.1591976,1.454245,1.3824737,1.9736117,1.899211,1.417453,1.9178715,1.3397213,1.8117967,1.3927455,1.0106058,1.7255187,2.311622,0.97025555,0.933081,0.63152534,1.1689351,0.6298032,1.4898335,0.8121406,0.7059594,2.069203,1.5796638,1.125637,1.5297024,1.2720177,1.645883,1.3006428,1.5931264,0.9591528,1.7487308,1.4276452,1.0020692,1.0672516,1.5449512,1.468245,1.8225971
